fecha	objective	metric	first_metric_only	boost_from_average	feature_pre_filter	verbosity	seed	max_depth	min_gain_to_split	lambda_l1	lambda_l2	max_bin	num_iterations	force_row_wise	learning_rate	feature_fraction	min_data_in_leaf	num_leaves	prob_corte	ganancia	iteracion
20220423 211615	binary	custom	TRUE	TRUE	FALSE	-100	999983	-1	0	0	0	31	21	TRUE	0.284629237512825	0.601138320500031	741	603	0.0374016312644623	7989000	1
20220423 211636	binary	custom	TRUE	TRUE	FALSE	-100	999983	-1	0	0	0	31	27	TRUE	0.116136480505113	0.451806495105848	5407	658	0.0260721391639284	12380000	2
20220423 211714	binary	custom	TRUE	TRUE	FALSE	-100	999983	-1	0	0	0	31	99	TRUE	0.1068947866417	0.541670948946849	3733	234	0.0453586362365362	8643000	3
20220423 211733	binary	custom	TRUE	TRUE	FALSE	-100	999983	-1	0	0	0	31	38	TRUE	0.267734242335311	0.488908211886883	6182	795	0.0330787314281527	10811000	4
20220423 211803	binary	custom	TRUE	TRUE	FALSE	-100	999983	-1	0	0	0	31	7	TRUE	0.238373388779466	0.991996508184821	851	456	0.0159518785750455	10991000	5
20220423 211911	binary	custom	TRUE	TRUE	FALSE	-100	999983	-1	0	0	0	31	204	TRUE	0.0341906814333051	0.401493226448074	4391	300	0.0302410888432253	11873000	6
20220423 211927	binary	custom	TRUE	TRUE	FALSE	-100	999983	-1	0	0	0	31	33	TRUE	0.148772281942889	0.72526282126084	4847	758	0.0138425575229727	12964000	7
20220423 211948	binary	custom	TRUE	TRUE	FALSE	-100	999983	-1	0	0	0	31	62	TRUE	0.189564828622737	0.583029998559505	6883	342	0.0203286709307577	12522000	8
20220423 212039	binary	custom	TRUE	TRUE	FALSE	-100	999983	-1	0	0	0	31	56	TRUE	0.0767565641623223	0.348055606195703	1392	505	0.0378003478205452	10185000	9
20220423 212104	binary	custom	TRUE	TRUE	FALSE	-100	999983	-1	0	0	0	31	28	TRUE	0.182338538730633	0.662045321818441	1663	904	0.024610044232395	11127000	10
20220423 212134	binary	custom	TRUE	TRUE	FALSE	-100	999983	-1	0	0	0	31	96	TRUE	0.0495278996418929	0.770538449734449	5891	562	0.0337217125226744	10673000	11
20220423 212146	binary	custom	TRUE	TRUE	FALSE	-100	999983	-1	0	0	0	31	22	TRUE	0.249478349902784	0.902822839096189	4772	189	0.0407907802606739	9064000	12
20220423 212157	binary	custom	TRUE	TRUE	FALSE	-100	999983	-1	0	0	0	31	16	TRUE	0.288859639876988	0.867009634245187	6790	861	0.0217362513615323	12611000	13
20220423 212259	binary	custom	TRUE	TRUE	FALSE	-100	999983	-1	0	0	0	31	40	TRUE	0.0608262358480133	0.308364297533408	126	107	0.00973080693462786	11296000	14
20220423 212321	binary	custom	TRUE	TRUE	FALSE	-100	999983	-1	0	0	0	31	43	TRUE	0.133673405867419	0.231595107242465	3542	958	0.0167721694796152	12779000	15
20220423 212341	binary	custom	TRUE	TRUE	FALSE	-100	999983	-1	0	0	0	31	27	TRUE	0.167300972136785	0.70650234955363	2533	674	0.0460568873939337	8029000	16
20220423 212404	binary	custom	TRUE	TRUE	FALSE	-100	999983	-1	0	0	0	31	26	TRUE	0.214484492148273	0.392912022694945	2208	137	0.0288651285004259	10452000	17
20220423 212545	binary	custom	TRUE	TRUE	FALSE	-100	999983	-1	0	0	0	31	537	TRUE	0.0133498070263304	0.83419742285274	7362	31	0.0489175523917462	7775000	18
20220423 212601	binary	custom	TRUE	TRUE	FALSE	-100	999983	-1	0	0	0	31	41	TRUE	0.201340813863906	0.248949748706073	7887	981	0.042043480349336	9239000	19
20220423 212624	binary	custom	TRUE	TRUE	FALSE	-100	999983	-1	0	0	0	31	36	TRUE	0.0930948817220051	0.920207476876676	3065	373	0.0116975329486498	12794000	20
20220423 212733	binary	custom	TRUE	TRUE	FALSE	-100	999983	-1	0	0	0	31	173	TRUE	0.0278281954521218	0.34823032669593	4277	534	0.0163935200671028	13398000	21
20220423 212830	binary	custom	TRUE	TRUE	FALSE	-100	999983	-1	0	0	0	31	255	TRUE	0.0453709288751397	0.200613525194403	5250	497	0.0101116614777475	12359000	22
20220423 213213	binary	custom	TRUE	TRUE	FALSE	-100	999983	-1	0	0	0	31	637	TRUE	0.0100445654376675	0.524422213304708	3772	686	0.0178827933370691	13949000	23
20220423 213530	binary	custom	TRUE	TRUE	FALSE	-100	999983	-1	0	0	0	31	846	TRUE	0.0100185093527904	0.898113905222405	3822	953	0.0172089840938138	13227000	24
20220423 213936	binary	custom	TRUE	TRUE	FALSE	-100	999983	-1	0	0	0	31	651	TRUE	0.0100072468079126	0.478733141142991	3021	711	0.0182454524583364	13604000	25
20220423 214332	binary	custom	TRUE	TRUE	FALSE	-100	999983	-1	0	0	0	31	777	TRUE	0.0100816117946597	0.545129314409592	4491	822	0.0182736486880632	13480000	26
20220423 214527	binary	custom	TRUE	TRUE	FALSE	-100	999983	-1	0	0	0	31	421	TRUE	0.0157257008418689	0.650584893591773	3729	603	0.019413298270817	13415000	27
20220423 214855	binary	custom	TRUE	TRUE	FALSE	-100	999983	-1	0	0	0	31	591	TRUE	0.0106697256238317	0.52187178307859	3789	663	0.0109573829648551	12818000	28
20220423 215041	binary	custom	TRUE	TRUE	FALSE	-100	999983	-1	0	0	0	31	493	TRUE	0.012322485679409	0.941519835373996	6661	674	0.0169029021908074	13044000	29
20220423 215121	binary	custom	TRUE	TRUE	FALSE	-100	999983	-1	0	0	0	31	113	TRUE	0.0576230133160513	0.636830548977046	3894	694	0.0171987034365076	13457000	30
20220423 215428	binary	custom	TRUE	TRUE	FALSE	-100	999983	-1	0	0	0	31	470	TRUE	0.0100349507557763	0.517407091966295	3996	452	0.0177137265003985	13910000	31
20220423 215733	binary	custom	TRUE	TRUE	FALSE	-100	999983	-1	0	0	0	31	534	TRUE	0.010411391255406	0.505233435845317	4929	609	0.017856857683917	13584000	32
20220423 220055	binary	custom	TRUE	TRUE	FALSE	-100	999983	-1	0	0	0	31	544	TRUE	0.0100277692944596	0.521741252732319	3926	252	0.0169466665072416	13967000	33
20220423 220309	binary	custom	TRUE	TRUE	FALSE	-100	999983	-1	0	0	0	31	436	TRUE	0.0101686232266892	0.904712534134296	4128	149	0.0168323375796348	13191000	34
20220423 220323	binary	custom	TRUE	TRUE	FALSE	-100	999983	-1	0	0	0	31	54	TRUE	0.299698095578815	0.935542064162369	7394	278	0.00834578232445019	10506000	35
20220423 220600	binary	custom	TRUE	TRUE	FALSE	-100	999983	-1	0	0	0	31	472	TRUE	0.01625720562236	0.523669944280328	3789	329	0.0178280793247038	13402000	36
20220423 220828	binary	custom	TRUE	TRUE	FALSE	-100	999983	-1	0	0	0	31	427	TRUE	0.0100152569654274	0.625030478563751	3796	561	0.0160681521015498	13953000	37
20220423 221201	binary	custom	TRUE	TRUE	FALSE	-100	999983	-1	0	0	0	31	709	TRUE	0.0101635846109496	0.583933051508921	3911	707	0.0224198877922839	12812000	38
20220423 221216	binary	custom	TRUE	TRUE	FALSE	-100	999983	-1	0	0	0	31	36	TRUE	0.133876194369374	0.947618921441454	7932	877	0.0209327052167343	12489000	39
20220423 221521	binary	custom	TRUE	TRUE	FALSE	-100	999983	-1	0	0	0	31	492	TRUE	0.0100057402300616	0.461846145198678	4148	213	0.0144580989698335	13505000	40
20220423 221548	binary	custom	TRUE	TRUE	FALSE	-100	999983	-1	0	0	0	31	70	TRUE	0.104936359920164	0.54012175195021	7702	619	0.0155276379453966	13067000	41
20220423 221611	binary	custom	TRUE	TRUE	FALSE	-100	999983	-1	0	0	0	31	60	TRUE	0.109177546272681	0.667810532283451	4023	589	0.0168492123965144	13399000	42
20220423 221631	binary	custom	TRUE	TRUE	FALSE	-100	999983	-1	0	0	0	31	56	TRUE	0.214955432128455	0.35494345173757	7829	776	0.0173016554190682	12626000	43
20220423 221650	binary	custom	TRUE	TRUE	FALSE	-100	999983	-1	0	0	0	31	48	TRUE	0.129355572450818	0.280471457279231	7033	29	0.0160487398002399	12916000	44
20220423 221717	binary	custom	TRUE	TRUE	FALSE	-100	999983	-1	0	0	0	31	78	TRUE	0.127689394257521	0.545800145356406	7801	235	0.0115512306655083	12541000	45
20220423 221746	binary	custom	TRUE	TRUE	FALSE	-100	999983	-1	0	0	0	31	102	TRUE	0.111772571976634	0.849953929473506	3874	845	0.00833640053119264	11873000	46
20220423 221758	binary	custom	TRUE	TRUE	FALSE	-100	999983	-1	0	0	0	31	15	TRUE	0.262712311253533	0.200902095456389	7996	637	0.0243384663304581	12129000	47
20220423 221941	binary	custom	TRUE	TRUE	FALSE	-100	999983	-1	0	0	0	31	416	TRUE	0.0182835535365274	0.367474648580153	7963	190	0.0165016090054877	13385000	48
20220423 222137	binary	custom	TRUE	TRUE	FALSE	-100	999983	-1	0	0	0	31	564	TRUE	0.0182712375044474	0.284149537909137	7976	21	0.0254077899431116	11912000	49
20220423 222148	binary	custom	TRUE	TRUE	FALSE	-100	999983	-1	0	0	0	31	15	TRUE	0.29995773540277	0.690837465077229	6066	1024	0.0159122999152965	12837000	50
20220423 222438	binary	custom	TRUE	TRUE	FALSE	-100	999983	-1	0	0	0	31	394	TRUE	0.0102075067249471	0.536743178702982	4081	86	0.0165094145646367	13857000	51
20220423 222747	binary	custom	TRUE	TRUE	FALSE	-100	999983	-1	0	0	0	31	622	TRUE	0.0100446224133293	0.544424540126921	6019	197	0.0165234668071902	13713000	52
20220423 222803	binary	custom	TRUE	TRUE	FALSE	-100	999983	-1	0	0	0	31	42	TRUE	0.164853495566924	0.750413563494259	6682	1024	0.0168018942755569	12637000	53
20220423 222818	binary	custom	TRUE	TRUE	FALSE	-100	999983	-1	0	0	0	31	24	TRUE	0.29965348879789	0.205906580211744	4236	1024	0.0197547572533377	12481000	54
20220423 222834	binary	custom	TRUE	TRUE	FALSE	-100	999983	-1	0	0	0	31	30	TRUE	0.295389092391847	0.203800143962467	3748	1013	0.011689806582387	12159000	55
20220423 223053	binary	custom	TRUE	TRUE	FALSE	-100	999983	-1	0	0	0	31	745	TRUE	0.0102498685464966	0.728890818391933	6767	16	0.00845829893702284	11554000	56
20220423 223108	binary	custom	TRUE	TRUE	FALSE	-100	999983	-1	0	0	0	31	23	TRUE	0.299485950491026	0.535186846921492	7949	66	0.0172166554739157	13013000	57
20220423 223123	binary	custom	TRUE	TRUE	FALSE	-100	999983	-1	0	0	0	31	20	TRUE	0.299949779051053	0.495276092932835	6155	476	0.0167252629438941	12720000	58
20220423 223138	binary	custom	TRUE	TRUE	FALSE	-100	999983	-1	0	0	0	31	49	TRUE	0.150718287275467	0.747441665177063	8000	195	0.0165160273137052	13202000	59
20220423 223341	binary	custom	TRUE	TRUE	FALSE	-100	999983	-1	0	0	0	31	463	TRUE	0.0101371453946692	0.203331671844489	7703	1011	0.0283148440232653	11552000	60
20220423 223355	binary	custom	TRUE	TRUE	FALSE	-100	999983	-1	0	0	0	31	18	TRUE	0.201337326670525	0.555221345823257	4149	16	0.0156407483460543	12405000	61
20220423 223407	binary	custom	TRUE	TRUE	FALSE	-100	999983	-1	0	0	0	31	28	TRUE	0.17017466332491	0.997516427089879	7993	451	0.0266931664420287	11705000	62
20220423 223424	binary	custom	TRUE	TRUE	FALSE	-100	999983	-1	0	0	0	31	43	TRUE	0.105509498996079	0.990192452432021	7988	1020	0.0118124872361111	12274000	63
20220423 223758	binary	custom	TRUE	TRUE	FALSE	-100	999983	-1	0	0	0	31	826	TRUE	0.0101594687441219	0.216522026647558	3792	164	0.0166881476888614	13341000	64
20220423 224117	binary	custom	TRUE	TRUE	FALSE	-100	999983	-1	0	0	0	31	554	TRUE	0.0100760196519733	0.561437801386396	3828	477	0.0169064748979091	13749000	65
20220423 224356	binary	custom	TRUE	TRUE	FALSE	-100	999983	-1	0	0	0	31	634	TRUE	0.0102651378599554	0.75610088325564	4007	543	0.0155282133747262	13421000	66
20220423 224544	binary	custom	TRUE	TRUE	FALSE	-100	999983	-1	0	0	0	31	265	TRUE	0.0189163173743084	0.500125294484326	3949	804	0.0162732888311066	13641000	67
20220423 225147	binary	custom	TRUE	TRUE	FALSE	-100	999983	-1	0	0	0	31	469	TRUE	0.0100168669704128	0.201266559262536	893	631	0.0169102519719193	13289000	68
20220423 225410	binary	custom	TRUE	TRUE	FALSE	-100	999983	-1	0	0	0	31	469	TRUE	0.0100209769948398	0.654158193753764	4059	183	0.0157295300142798	13607000	69
20220423 225649	binary	custom	TRUE	TRUE	FALSE	-100	999983	-1	0	0	0	31	575	TRUE	0.0100027442734537	0.99912032056835	3792	607	0.0135168666247979	12992000	70
20220423 230131	binary	custom	TRUE	TRUE	FALSE	-100	999983	-1	0	0	0	31	404	TRUE	0.0104713964497239	0.522633222940215	1434	717	0.0159684570663141	13301000	71
20220423 230432	binary	custom	TRUE	TRUE	FALSE	-100	999983	-1	0	0	0	31	657	TRUE	0.0100441898704922	0.515953969258373	7747	168	0.0165858477661089	13411000	72
20220423 230444	binary	custom	TRUE	TRUE	FALSE	-100	999983	-1	0	0	0	31	24	TRUE	0.284602742806633	0.675386333767453	8000	573	0.0164148681671926	13057000	73
20220423 230511	binary	custom	TRUE	TRUE	FALSE	-100	999983	-1	0	0	0	31	106	TRUE	0.106798440958863	0.200208644626292	7958	453	0.0167061681794137	13389000	74
20220423 230940	binary	custom	TRUE	TRUE	FALSE	-100	999983	-1	0	0	0	31	795	TRUE	0.0108895987957727	0.200129610545286	2088	745	0.0244750838563456	12261000	75
20220423 231001	binary	custom	TRUE	TRUE	FALSE	-100	999983	-1	0	0	0	31	77	TRUE	0.130217432189702	0.891156323861095	5667	538	0.0158417066572668	12934000	76
20220423 231308	binary	custom	TRUE	TRUE	FALSE	-100	999983	-1	0	0	0	31	474	TRUE	0.0100199502016697	0.514335187195022	4065	197	0.0165168942583171	14006000	77
20220423 231328	binary	custom	TRUE	TRUE	FALSE	-100	999983	-1	0	0	0	31	55	TRUE	0.094904234916581	0.988134972246586	6319	46	0.0161085987484047	13213000	78
20220423 231731	binary	custom	TRUE	TRUE	FALSE	-100	999983	-1	0	0	0	31	1053	TRUE	0.0100165055995919	0.21681694378364	4138	747	0.0164003778992001	13472000	79
20220423 231747	binary	custom	TRUE	TRUE	FALSE	-100	999983	-1	0	0	0	31	21	TRUE	0.299920004371986	0.537510603335789	7994	956	0.0204760981337103	12511000	80
20220423 231800	binary	custom	TRUE	TRUE	FALSE	-100	999983	-1	0	0	0	31	17	TRUE	0.282049733893805	0.20026369488356	8000	199	0.0156392262961717	12358000	81
20220423 231819	binary	custom	TRUE	TRUE	FALSE	-100	999983	-1	0	0	0	31	51	TRUE	0.110897564847295	0.651059731196835	6619	16	0.0169971970364363	12791000	82
20220423 231836	binary	custom	TRUE	TRUE	FALSE	-100	999983	-1	0	0	0	31	27	TRUE	0.152388750884005	0.201238962167639	4435	540	0.0161608403030252	13106000	83
20220423 232106	binary	custom	TRUE	TRUE	FALSE	-100	999983	-1	0	0	0	31	498	TRUE	0.0101455314699423	0.647283679467358	3920	806	0.0162721788804325	13594000	84
20220423 232230	binary	custom	TRUE	TRUE	FALSE	-100	999983	-1	0	0	0	31	357	TRUE	0.0103208209913279	0.999880946687704	1981	17	0.0116813457330818	12976000	85
20220423 232426	binary	custom	TRUE	TRUE	FALSE	-100	999983	-1	0	0	0	31	376	TRUE	0.0109402767875267	0.999641131053714	4469	1024	0.0278940934187995	11841000	86
20220423 234113	binary	custom	TRUE	TRUE	FALSE	-100	999983	-1	0	0	0	31	110	TRUE	0.015891146815506	0.938222024677395	78	1024	0.01278176001948	10255000	87
20220423 234309	binary	custom	TRUE	TRUE	FALSE	-100	999983	-1	0	0	0	31	562	TRUE	0.0101013377603562	0.997773528347959	7998	152	0.0152360060446402	13072000	88
20220423 234324	binary	custom	TRUE	TRUE	FALSE	-100	999983	-1	0	0	0	31	30	TRUE	0.298832978063713	0.997876618156301	4556	1024	0.017239384614759	12618000	89
20220423 234652	binary	custom	TRUE	TRUE	FALSE	-100	999983	-1	0	0	0	31	1082	TRUE	0.010429429448238	0.2010085252259	6304	468	0.0174020832757934	13421000	90
20220423 234732	binary	custom	TRUE	TRUE	FALSE	-100	999983	-1	0	0	0	31	195	TRUE	0.0723786910156441	0.200055889631747	7999	990	0.0143095628526624	12856000	91
20220423 234807	binary	custom	TRUE	TRUE	FALSE	-100	999983	-1	0	0	0	31	109	TRUE	0.0489461474995637	0.999829873315511	4658	226	0.0137944167923604	12956000	92
20220423 234818	binary	custom	TRUE	TRUE	FALSE	-100	999983	-1	0	0	0	31	27	TRUE	0.288086227736513	0.915785716162708	7993	16	0.0213233614328135	12472000	93
20220424 000356	binary	custom	TRUE	TRUE	FALSE	-100	999983	-1	0	0	0	31	208	TRUE	0.0103604945946781	0.200023019060594	197	1024	0.0160219073708971	11951000	94
20220424 000812	binary	custom	TRUE	TRUE	FALSE	-100	999983	-1	0	0	0	31	733	TRUE	0.0105785730714348	0.516562466870714	3413	214	0.0179369197939407	13553000	95
20220424 000944	binary	custom	TRUE	TRUE	FALSE	-100	999983	-1	0	0	0	31	436	TRUE	0.0154988473014412	0.999950894902384	6205	31	0.0221365102100701	12600000	96
20220424 001208	binary	custom	TRUE	TRUE	FALSE	-100	999983	-1	0	0	0	31	640	TRUE	0.0104960077661631	0.228063683655956	7901	238	0.0151812912300084	13384000	97
20220424 001502	binary	custom	TRUE	TRUE	FALSE	-100	999983	-1	0	0	0	31	831	TRUE	0.0105341985026721	0.277465281855514	7999	512	0.0162829350854685	13455000	98
20220424 001639	binary	custom	TRUE	TRUE	FALSE	-100	999983	-1	0	0	0	31	377	TRUE	0.0100961617831388	0.917712261046266	6199	16	0.0139694489158497	13045000	99
20220424 001659	binary	custom	TRUE	TRUE	FALSE	-100	999983	-1	0	0	0	31	44	TRUE	0.117092622570762	0.294864179448244	7987	250	0.0191112664916674	13271000	100
20220424 001713	binary	custom	TRUE	TRUE	FALSE	-100	999983	-1	0	0	0	31	19	TRUE	0.295636826820435	0.511695524607017	7997	235	0.0270183499216841	11619000	101
20220424 001926	binary	custom	TRUE	TRUE	FALSE	-100	999983	-1	0	0	0	31	86	TRUE	0.0100091148665635	0.808979032522928	529	67	0.0117812784221653	13267000	102
20220424 002203	binary	custom	TRUE	TRUE	FALSE	-100	999983	-1	0	0	0	31	402	TRUE	0.0102892544897932	0.656503871921764	2767	577	0.0144912661948845	13579000	103
20220424 002221	binary	custom	TRUE	TRUE	FALSE	-100	999983	-1	0	0	0	31	14	TRUE	0.0464925254481719	0.903534750569297	4	18	0.00837446416669376	12359000	104
20220424 002250	binary	custom	TRUE	TRUE	FALSE	-100	999983	-1	0	0	0	31	114	TRUE	0.107760199757738	0.842241628265129	2867	32	0.0125616495601705	12604000	105
20220424 002549	binary	custom	TRUE	TRUE	FALSE	-100	999983	-1	0	0	0	31	347	TRUE	0.010033829167581	0.543448006155475	1	42	0.0158836826875727	12219000	106
20220424 002610	binary	custom	TRUE	TRUE	FALSE	-100	999983	-1	0	0	0	31	24	TRUE	0.247758521949169	0.523183580337184	3843	1023	0.0178038858825835	12513000	107
20220424 002626	binary	custom	TRUE	TRUE	FALSE	-100	999983	-1	0	0	0	31	22	TRUE	0.146072195172092	0.200084703941057	12	19	0.0499977276848502	1602000	108
20220424 002642	binary	custom	TRUE	TRUE	FALSE	-100	999983	-1	0	0	0	31	43	TRUE	0.28482565988138	0.200791587189708	7993	916	0.00833540670910166	10578000	109
20220424 002654	binary	custom	TRUE	TRUE	FALSE	-100	999983	-1	0	0	0	31	19	TRUE	0.260878894512946	0.996679028882066	7984	864	0.0157536356857041	13033000	110
20220424 002708	binary	custom	TRUE	TRUE	FALSE	-100	999983	-1	0	0	0	31	19	TRUE	0.299984639659803	0.857301857058156	3807	672	0.0122865129135819	11894000	111
20220424 002932	binary	custom	TRUE	TRUE	FALSE	-100	999983	-1	0	0	0	31	46	TRUE	0.0100288572838065	0.828633284262675	1470	240	0.00999007454009531	12649000	112
20220424 003226	binary	custom	TRUE	TRUE	FALSE	-100	999983	-1	0	0	0	31	422	TRUE	0.0102133335702369	0.506615025308652	4329	234	0.0173442086084822	13822000	113
20220424 003720	binary	custom	TRUE	TRUE	FALSE	-100	999983	-1	0	0	0	31	1081	TRUE	0.0100390423212877	0.20168936293686	2687	553	0.0156632565724946	13486000	114
20220424 003927	binary	custom	TRUE	TRUE	FALSE	-100	999983	-1	0	0	0	31	215	TRUE	0.0109894152518347	0.941777732535765	35	51	0.0161317599856083	12380000	115
20220424 003945	binary	custom	TRUE	TRUE	FALSE	-100	999983	-1	0	0	0	31	45	TRUE	0.127136666345493	0.999489148138621	5933	883	0.0159793585358121	13164000	116
20220424 004132	binary	custom	TRUE	TRUE	FALSE	-100	999983	-1	0	0	0	31	7	TRUE	0.297216735826315	0.200047114124134	69	735	0.0157599536101938	4939000	117
20220424 004456	binary	custom	TRUE	TRUE	FALSE	-100	999983	-1	0	0	0	31	542	TRUE	0.0100213566608221	0.516121619222139	3996	1023	0.0174712701015405	13871000	118
20220424 004541	binary	custom	TRUE	TRUE	FALSE	-100	999983	-1	0	0	0	31	34	TRUE	0.0986091951906309	0.999458083265478	1009	132	0.0120140463803969	12416000	119
20220424 004559	binary	custom	TRUE	TRUE	FALSE	-100	999983	-1	0	0	0	31	25	TRUE	0.171849386707151	0.999999204471558	2956	586	0.0150032008793402	13040000	120
