cp	min_bucket	max_depth	min_split	ganancia_promedio
-1	500	4	1000	10107333
-0.5	500	4	1000	10107333
0	500	4	1000	10107333
0.5	500	4	1000	10107333
1	500	4	1000	10107333
-1	400	4	800	9955333
-0.5	400	4	800	9955333
0	400	4	800	9955333
0.5	400	4	800	9955333
1	400	4	800	9955333
-1	300	4	600	9675333
-0.5	300	4	600	9675333
0	300	4	600	9675333
0.5	300	4	600	9675333
1	300	4	600	9675333
-1	200	4	400	9790667
-0.5	200	4	400	9790667
0	200	4	400	9790667
0.5	200	4	400	9790667
1	200	4	400	9790667
-1	100	4	200	9818000
-0.5	100	4	200	9818000
0	100	4	200	9818000
0.5	100	4	200	9818000
1	100	4	200	9818000
-1	50	4	100	9316667
-0.5	50	4	100	9316667
0	50	4	100	9316667
0.5	50	4	100	9316667
1	50	4	100	9316667
-1	25	4	50	9629333
-0.5	25	4	50	9629333
0	25	4	50	9629333
0.5	25	4	50	9629333
1	25	4	50	9629333
-1	10	4	20	9762667
-0.5	10	4	20	9762667
0	10	4	20	9762667
0.5	10	4	20	9762667
1	10	4	20	9762667
-1	5	4	10	9935333
-0.5	5	4	10	9935333
0	5	4	10	9935333
0.5	5	4	10	9935333
1	5	4	10	9935333
-1	500	6	1000	10940000
-0.5	500	6	1000	10940000
0	500	6	1000	10940000
0.5	500	6	1000	10940000
1	500	6	1000	10940000
-1	400	6	800	9546000
-0.5	400	6	800	9546000
0	400	6	800	9546000
0.5	400	6	800	9546000
1	400	6	800	9546000
-1	300	6	600	10201333
-0.5	300	6	600	10201333
0	300	6	600	10201333
0.5	300	6	600	10201333
1	300	6	600	10201333
-1	200	6	400	10683333
-0.5	200	6	400	10683333
0	200	6	400	10683333
0.5	200	6	400	10683333
1	200	6	400	10683333
-1	100	6	200	10276667
-0.5	100	6	200	10276667
0	100	6	200	10276667
0.5	100	6	200	10276667
1	100	6	200	10276667
-1	50	6	100	10154667
-0.5	50	6	100	10154667
0	50	6	100	10154667
0.5	50	6	100	10154667
1	50	6	100	10154667
-1	25	6	50	9948667
-0.5	25	6	50	9948667
0	25	6	50	9948667
0.5	25	6	50	9948667
1	25	6	50	9948667
-1	10	6	20	9880000
-0.5	10	6	20	9880000
0	10	6	20	9880000
0.5	10	6	20	9880000
1	10	6	20	9880000
-1	5	6	10	9932667
-0.5	5	6	10	9932667
0	5	6	10	9932667
0.5	5	6	10	9932667
1	5	6	10	9932667
-1	500	8	1000	10848667
-0.5	500	8	1000	10848667
0	500	8	1000	10848667
0.5	500	8	1000	10848667
1	500	8	1000	10848667
-1	400	8	800	8895333
-0.5	400	8	800	8895333
0	400	8	800	8895333
0.5	400	8	800	8895333
1	400	8	800	8895333
-1	300	8	600	8772667
-0.5	300	8	600	8772667
0	300	8	600	8772667
0.5	300	8	600	8772667
1	300	8	600	8772667
-1	200	8	400	8860000
-0.5	200	8	400	8860000
0	200	8	400	8860000
0.5	200	8	400	8860000
1	200	8	400	8860000
-1	100	8	200	8593333
-0.5	100	8	200	8593333
0	100	8	200	8593333
0.5	100	8	200	8593333
1	100	8	200	8593333
-1	50	8	100	8779333
-0.5	50	8	100	8779333
0	50	8	100	8779333
0.5	50	8	100	8779333
1	50	8	100	8779333
-1	25	8	50	9620000
-0.5	25	8	50	9620000
0	25	8	50	9620000
0.5	25	8	50	9620000
1	25	8	50	9620000
-1	10	8	20	9541333
-0.5	10	8	20	9541333
0	10	8	20	9541333
0.5	10	8	20	9541333
1	10	8	20	9541333
-1	5	8	10	9622000
-0.5	5	8	10	9622000
0	5	8	10	9622000
0.5	5	8	10	9622000
1	5	8	10	9622000
-1	500	10	1000	10646667
-0.5	500	10	1000	10646667
0	500	10	1000	10646667
0.5	500	10	1000	10646667
1	500	10	1000	10646667
-1	400	10	800	8711333
-0.5	400	10	800	8711333
0	400	10	800	8711333
0.5	400	10	800	8711333
1	400	10	800	8711333
-1	300	10	600	8268000
-0.5	300	10	600	8268000
0	300	10	600	8268000
0.5	300	10	600	8268000
1	300	10	600	8268000
-1	200	10	400	8560667
-0.5	200	10	400	8560667
0	200	10	400	8560667
0.5	200	10	400	8560667
1	200	10	400	8560667
-1	100	10	200	7049333
-0.5	100	10	200	7049333
0	100	10	200	7049333
0.5	100	10	200	7049333
1	100	10	200	7049333
-1	50	10	100	6610667
-0.5	50	10	100	6610667
0	50	10	100	6610667
0.5	50	10	100	6610667
1	50	10	100	6610667
-1	25	10	50	7972667
-0.5	25	10	50	7972667
0	25	10	50	7972667
0.5	25	10	50	7972667
1	25	10	50	7972667
-1	10	10	20	9893333
-0.5	10	10	20	9893333
0	10	10	20	9893333
0.5	10	10	20	9893333
1	10	10	20	9893333
-1	5	10	10	9730667
-0.5	5	10	10	9730667
0	5	10	10	9730667
0.5	5	10	10	9730667
1	5	10	10	9730667
-1	500	12	1000	10646667
-0.5	500	12	1000	10646667
0	500	12	1000	10646667
0.5	500	12	1000	10646667
1	500	12	1000	10646667
-1	400	12	800	8711333
-0.5	400	12	800	8711333
0	400	12	800	8711333
0.5	400	12	800	8711333
1	400	12	800	8711333
-1	300	12	600	8137333
-0.5	300	12	600	8137333
0	300	12	600	8137333
0.5	300	12	600	8137333
1	300	12	600	8137333
-1	200	12	400	8024667
-0.5	200	12	400	8024667
0	200	12	400	8024667
0.5	200	12	400	8024667
1	200	12	400	8024667
-1	100	12	200	6857333
-0.5	100	12	200	6857333
0	100	12	200	6857333
0.5	100	12	200	6857333
1	100	12	200	6857333
-1	50	12	100	5260000
-0.5	50	12	100	5260000
0	50	12	100	5260000
0.5	50	12	100	5260000
1	50	12	100	5260000
-1	25	12	50	7020667
-0.5	25	12	50	7020667
0	25	12	50	7020667
0.5	25	12	50	7020667
1	25	12	50	7020667
-1	10	12	20	7537333
-0.5	10	12	20	7537333
0	10	12	20	7537333
0.5	10	12	20	7537333
1	10	12	20	7537333
-1	5	12	10	9740667
-0.5	5	12	10	9740667
0	5	12	10	9740667
0.5	5	12	10	9740667
1	5	12	10	9740667
-1	500	14	1000	10646667
-0.5	500	14	1000	10646667
0	500	14	1000	10646667
0.5	500	14	1000	10646667
1	500	14	1000	10646667
-1	400	14	800	8711333
-0.5	400	14	800	8711333
0	400	14	800	8711333
0.5	400	14	800	8711333
1	400	14	800	8711333
-1	300	14	600	8137333
-0.5	300	14	600	8137333
0	300	14	600	8137333
0.5	300	14	600	8137333
1	300	14	600	8137333
-1	200	14	400	8024667
-0.5	200	14	400	8024667
0	200	14	400	8024667
0.5	200	14	400	8024667
1	200	14	400	8024667
-1	100	14	200	6132000
-0.5	100	14	200	6132000
0	100	14	200	6132000
0.5	100	14	200	6132000
1	100	14	200	6132000
-1	50	14	100	4418000
-0.5	50	14	100	4418000
0	50	14	100	4418000
0.5	50	14	100	4418000
1	50	14	100	4418000
-1	25	14	50	5388000
-0.5	25	14	50	5388000
0	25	14	50	5388000
0.5	25	14	50	5388000
1	25	14	50	5388000
-1	10	14	20	5281333
-0.5	10	14	20	5281333
0	10	14	20	5281333
0.5	10	14	20	5281333
1	10	14	20	5281333
-1	5	14	10	8216667
-0.5	5	14	10	8216667
0	5	14	10	8216667
0.5	5	14	10	8216667
1	5	14	10	8216667
