fecha	cp	minsplit	minbucket	maxdepth	xval_folds	ganancia	iteracion
20220416 193448	-0.520108904343215	5229	1767	11	5	9298000	1
20220416 193525	-0.33032622368919	3710	305	15	5	10158000	2
20220416 193553	-0.921016415010672	7758	1242	14	5	8527000	3
20220416 193620	-0.0475745332383667	5867	1694	8	5	9500000	4
20220416 193635	-0.6918902336678	1640	486	3	5	9185000	5
20220416 193702	-0.994215626396181	4310	1900	9	5	9431000	6
20220416 193731	-0.282441541811568	6402	1073	17	5	9645000	7
20220416 193806	-0.132860755799629	3234	226	12	5	9857000	8
20220416 193829	-0.00583996806526543	7372	760	6	5	8602000	9
20220416 193906	-0.6275315300285	6940	107	19	5	8438000	10
20220416 193927	-0.80679883796256	4802	952	5	5	1e+07	11
20220416 193958	-0.973503948831931	5335	565	11	5	10004000	12
20220416 194017	0.0358794855186717	3434	1671	20	5	0	13
20220416 194038	-0.590017404281534	6478	265	5	5	9613000	14
20220416 194106	-0.0676670106709935	3932	763	8	5	10194000	15
20220416 194134	-0.813945476617664	6102	1419	17	5	9259000	16
20220416 194205	-0.999358966788511	6	1	8	5	8713000	17
20220416 194236	-0.253580977459847	5173	671	9	5	9973000	18
20220416 194321	-0.530492864950865	6221	1	16	5	9380000	19
20220416 194350	-0.703595264217731	3889	301	8	5	10158000	20
20220416 194430	-0.999925934503783	3858	132	14	5	9830000	21
20220416 194446	0.098934253422874	4677	458	14	5	0	22
20220416 194502	-0.107593042714786	6603	819	3	5	8743000	23
20220416 194533	-0.147843129700478	1915	956	8	5	10553000	24
20220416 194609	-0.812390046617853	3199	328	12	5	10179000	25
20220416 194641	-0.119094851700659	65	3	8	5	9985000	26
20220416 194715	-0.430906073877693	1550	543	11	5	10546000	27
20220416 194746	-0.400720125452238	6376	723	12	5	9613000	28
20220416 194827	-0.542700763911038	8	3	10	5	10035000	29
20220416 194903	-0.287125487259353	1549	774	12	5	10168000	30
20220416 194940	-0.467568044133759	1499	749	16	5	10033000	31
20220416 195011	-0.464732683039408	2640	2	8	5	10146000	32
20220416 195043	-0.753339362586103	2688	1338	10	5	9558000	33
20220416 195113	-0.144869010169114	3638	386	8	5	10158000	34
20220416 195144	-0.795136248952932	5763	1	9	5	9032000	35
20220416 195220	-0.595933719912666	3088	447	12	5	10477000	36
20220416 195252	-0.529624140916236	3008	602	9	5	10308000	37
20220416 195330	-0.878009818852518	1809	654	18	5	10425000	38
20220416 195407	-0.474158709223042	2171	246	12	5	9808000	39
20220416 195438	-0.393757387080975	1571	781	8	5	10160000	40
20220416 195510	-0.610805394593907	3331	584	8	5	10250000	41
20220416 195546	-0.705025696125833	1208	601	16	5	10364000	42
20220416 195621	-0.844930328420541	1584	790	15	5	10151000	43
20220416 195655	-0.991508202578523	2832	748	20	5	10285000	44
20220416 195733	-0.378402109408198	4	1	10	5	8883000	45
20220416 195805	-0.431180813827031	2469	1185	10	5	9824000	46
20220416 195842	-0.575357175368014	1140	556	17	5	9858000	47
20220416 195908	-0.435649226481117	1416	522	6	5	10651000	48
20220416 195925	-0.950380180788138	3918	860	3	5	9176000	49
20220416 200001	-0.80721249708364	2589	571	20	5	10175000	50
20220416 200041	-0.22370046868126	1769	597	15	5	10463000	51
20220416 200119	-0.412876208702722	1681	593	20	5	10590000	52
20220416 200153	-0.419155131421388	3412	573	17	5	10278000	53
20220416 200228	-0.31693468075485	1583	620	20	5	10876000	54
20220416 200305	-0.272557645698279	2857	437	20	5	10427000	55
20220416 200340	-0.340792037700854	1564	773	20	5	10168000	56
20220416 200418	-0.305851320359675	1043	482	20	5	9445000	57
20220416 200450	-0.317330293414108	2647	1301	20	5	9652000	58
20220416 200524	-0.273396876891737	5800	624	20	5	10034000	59
20220416 200548	-0.253185332689846	8000	1575	6	5	8527000	60
20220416 200611	-0.322907536874501	3229	663	5	5	10374000	61
20220416 200657	-0.177916499098974	136	67	13	5	5747000	62
20220416 200730	-0.242139277273842	1776	886	20	5	10418000	63
20220416 200805	-0.73589905655725	4014	435	20	5	10364000	64
20220416 200825	-0.0612976590324104	371	185	4	5	10136000	65
20220416 200853	-0.716323663799989	7696	845	16	5	8602000	66
20220416 200938	-0.716005271394381	352	164	20	5	7466000	67
20220416 201010	-0.69327826595713	3298	961	16	5	10103000	68
20220416 201026	-0.109114239344108	1862	576	3	5	9244000	69
20220416 201054	-0.0801006042434063	1638	4	7	5	10220000	70
20220416 201117	-0.553182188824026	7	2	5	5	9469000	71
20220416 201147	-0.760168641784614	3545	524	9	5	10364000	72
20220416 201214	-0.864547820342049	7062	413	8	5	8602000	73
20220416 201245	-0.1463166982197	3977	1540	13	5	9590000	74
20220416 201319	-0.323847958662933	3498	660	20	5	10233000	75
20220416 201352	-0.656067126282759	1509	496	10	5	10544000	76
20220416 201425	-0.924093947287139	4538	586	18	5	10113000	77
20220416 201500	-0.301514980197213	2033	604	18	5	10248000	78
20220416 201535	-0.226256127061009	3223	638	11	5	10390000	79
20220416 201610	-0.321570962267258	1360	630	15	5	10264000	80
20220416 201627	-0.728435618112125	5376	2000	3	5	8373000	81
20220416 201703	-0.999985880191455	1868	610	16	5	10589000	82
20220416 201736	-0.106153558004641	1601	646	9	5	10686000	83
20220416 201752	-0.419359015208872	4545	55	3	5	8882000	84
20220416 201818	-0.106276640827784	3096	1514	6	5	9189000	85
20220416 201848	-0.999471817441599	4000	2000	19	5	8997000	86
20220416 201922	-0.712672650985514	4013	554	15	5	10364000	87
20220416 201952	-0.319889863881378	2032	239	8	5	9808000	88
20220416 202026	-0.956772106705456	1761	752	16	5	9787000	89
20220416 202102	-0.127953144325853	1477	711	18	5	10033000	90
20220416 202137	-0.267994443044827	1724	654	20	5	10449000	91
20220416 202210	-0.67338501352622	3661	584	14	5	10282000	92
20220416 202248	-0.0919155501796518	820	366	12	5	9433000	93
20220416 202314	-0.0436639994838678	7738	1	7	5	8464000	94
20220416 202347	-0.637444279446734	2427	1212	12	5	9773000	95
20220416 202420	-0.857737813924749	4130	665	20	5	10163000	96
20220416 202454	-0.249649761760078	2605	783	15	5	10171000	97
20220416 202526	-0.133116089091086	2852	727	10	5	10291000	98
20220416 202559	-0.144912439178944	6330	583	20	5	9613000	99
20220416 202632	-0.216990582853198	4055	544	20	5	10364000	100
20220416 202711	-0.319056282751942	7994	36	20	5	8191000	101
20220416 202745	-0.746033714855514	2616	546	16	5	10411000	102
20220416 202817	-0.999955669648633	6661	570	20	5	9195000	103
20220416 202845	-0.223466688553097	1900	946	7	5	10644000	104
20220416 202918	-0.890121694714144	2875	721	10	5	10294000	105
20220416 202940	-0.318036605756744	5716	1998	5	5	9119000	106
20220416 203014	-0.776035774793464	4310	657	18	5	10092000	107
20220416 203039	-0.53669330992577	7999	1229	7	5	8527000	108
20220416 203131	-0.434155016079867	1738	15	20	5	9653000	109
20220416 203204	-0.570374931880178	4810	517	10	5	10006000	110
20220416 203239	-0.594162139668264	1286	632	10	5	10250000	111
20220416 203306	-0.069800042996036	7999	1997	9	5	8527000	112
20220416 203338	-0.124106425784806	1518	736	8	5	10123000	113
20220416 203412	-0.210355391508482	2265	1126	12	5	10072000	114
20220416 203447	-0.700875949007313	2160	665	12	5	9990000	115
20220416 203520	-0.222247190321972	3952	926	10	5	10190000	116
