fecha	gamma	alpha	lambda	subsample	tree_method	grow_policy	max_bin	max_leaves	scale_pos_weight	eta	colsample_bytree	min_child_weight	max_depth	prob_corte	nrounds	ganancia	iteracion
20220424 085855	0	0	0	1	auto	depthwise	256	0	1	0.160284455578309	0.989446566561237	9	9	0.0216287364339223	17	11801000	1
20220424 090300	0	0	0	1	auto	depthwise	256	0	1	0.208385920487577	0.499902306338772	2	26	0.0395129236969903	9	5912000	2
20220424 091701	0	0	0	1	auto	depthwise	256	0	1	0.0554053776264191	0.812899837307632	2	21	0.0466814856627025	52	7093000	3
20220424 092050	0	0	0	1	auto	depthwise	256	0	1	0.192949897112092	0.731511716041714	5	12	0.0303473036566478	14	9746000	4
20220424 092515	0	0	0	1	auto	depthwise	256	0	1	0.0752073584196623	0.292537338603288	0	13	0.0262077566891094	14	2317000	5
20220424 093232	0	0	0	1	auto	depthwise	256	0	1	0.113630382716656	0.923499321276322	5	15	0.0183585101180749	28	10961000	6
20220424 093758	0	0	0	1	auto	depthwise	256	0	1	0.14312365675671	0.559263863898814	4	30	0.0238914144710482	14	9802000	7
20220424 094221	0	0	0	1	auto	depthwise	256	0	1	0.249247151381569	0.764205384282395	6	25	0.0157752996824759	3	10228000	8
20220424 094628	0	0	0	1	auto	depthwise	256	0	1	0.219493712424068	0.713496939102188	9	20	0.0402924237583647	13	8288000	9
20220424 095616	0	0	0	1	auto	depthwise	256	0	1	0.0432465971644269	0.572583938641474	3	13	0.0438667886948679	81	7736000	10
20220424 095843	0	0	0	1	auto	depthwise	256	0	1	0.12911050030333	0.466914462912828	8	7	0.0286198980427192	32	10571000	11
20220424 100018	0	0	0	1	auto	depthwise	256	0	1	0.282080213644775	0.380923160165548	1	8	0.019508299450293	4	8496000	12
20220424 100253	0	0	0	1	auto	depthwise	256	0	1	0.092556520410697	0.4382360408362	1	5	0.00923486639124652	56	12645000	13
20220424 101841	0	0	0	1	auto	depthwise	256	0	1	0.0389805873467121	0.895378246717155	10	22	0.0358450479941287	88	9240000	14
20220424 102117	0	0	0	1	auto	depthwise	256	0	1	0.263892878855113	0.323893574401736	4	27	0.0342427985650526	8	8099000	15
20220424 104250	0	0	0	1	auto	depthwise	256	0	1	0.0145064445480239	0.671205717539415	7	16	0.0116514054160992	92	13149000	16
20220424 104355	0	0	0	1	auto	depthwise	256	0	1	0.240955880100839	0.625156185692176	6	2	0.0483690871148914	40	8502000	17
20220424 104642	0	0	0	1	auto	depthwise	256	0	1	0.0983767726443475	0.226202319916338	10	29	0.0424480833341174	33	8278000	18
20220424 104758	0	0	0	1	auto	depthwise	256	0	1	0.294015565153211	0.254095640117303	8	4	0.0144767952753076	68	11723000	19
20220424 105406	0	0	0	1	auto	depthwise	256	0	1	0.179516263192054	0.850693665314466	1	18	0.0327198223642578	11	5332000	20
20220424 105713	0	0	0	1	auto	depthwise	256	0	1	0.0194093681815853	0.479186467680849	4	2	0.00833374550668906	64	11415000	21
20220424 111530	0	0	0	1	auto	depthwise	256	0	1	0.0102006493274341	0.752887780077009	8	6	0.0112646092165231	203	13200000	22
20220424 113417	0	0	0	1	auto	depthwise	256	0	1	0.01002413821167	0.31228842493479	8	16	0.0113100171362999	227	12788000	23
20220424 114912	0	0	0	1	auto	depthwise	256	0	1	0.0100418506118682	0.554083603527932	7	2	0.0130117516348503	1167	13167000	24
20220424 121912	0	0	0	1	auto	depthwise	256	0	1	0.0100594321778026	0.706326347585985	8	10	0.0144027254399457	325	13201000	25
20220424 122029	0	0	0	1	auto	depthwise	256	0	1	0.28721561318181	0.93423678701317	1	2	0.00833448855079013	29	11857000	26
20220424 124637	0	0	0	1	auto	depthwise	256	0	1	0.0100389843986485	0.998462561600469	7	7	0.0124309599688129	180	13410000	27
20220424 132314	0	0	0	1	auto	depthwise	256	0	1	0.0100512743087119	0.997609841400066	10	11	0.012721305951986	235	13331000	28
20220424 134620	0	0	0	1	auto	depthwise	256	0	1	0.0194478805825792	0.997632984274168	9	15	0.0125699853477821	100	13301000	29
20220424 135043	0	0	0	1	auto	depthwise	256	0	1	0.0542208956568174	0.964483116856847	9	2	0.0134959900183777	209	13271000	30
20220424 135936	0	0	0	1	auto	depthwise	256	0	1	0.0189941586990364	0.498827792680306	10	7	0.0131580850635927	127	13422000	31
20220424 141614	0	0	0	1	auto	depthwise	256	0	1	0.0101356504133363	0.467988104475837	10	2	0.0172911657909083	1613	13220000	32
20220424 143409	0	0	0	1	auto	depthwise	256	0	1	0.010097079685466	0.70186538404804	10	4	0.0143379978250727	530	13505000	33
20220424 145928	0	0	0	1	auto	depthwise	256	0	1	0.0101880815495814	0.622059800097895	10	12	0.0151759071219659	223	13320000	34
20220424 152628	0	0	0	1	auto	depthwise	256	0	1	0.0333396311564964	0.834767330312097	1	30	0.0083502892790328	103	11867000	35
20220424 152913	0	0	0	1	auto	depthwise	256	0	1	0.069446034433719	0.200116874613042	10	2	0.0147322982879375	413	13017000	36
20220424 160447	0	0	0	1	auto	depthwise	256	0	1	0.0100606790807259	0.694493236780255	10	30	0.0123991729822151	201	13557000	37
20220424 162942	0	0	0	1	auto	depthwise	256	0	1	0.0105250037385309	0.626303056609032	10	30	0.00837085937225946	51	12189000	38
20220424 171518	0	0	0	1	auto	depthwise	256	0	1	0.0102417054072422	0.876018196607791	10	30	0.0136696596964001	229	13522000	39
20220424 174946	0	0	0	1	auto	depthwise	256	0	1	0.0100417732716739	0.694414939559558	10	24	0.0131852069652623	187	13522000	40
20220424 181820	0	0	0	1	auto	depthwise	256	0	1	0.0103608902988539	0.436150461640712	10	30	0.0139332092597409	335	13473000	41
20220424 184907	0	0	0	1	auto	depthwise	256	0	1	0.0101348546098887	0.364659353198833	10	30	0.0201146327901248	515	12475000	42
20220424 190718	0	0	0	1	auto	depthwise	256	0	1	0.0233654739068524	0.704919140272598	9	30	0.0129659102593782	83	13111000	43
20220424 191440	0	0	0	1	auto	depthwise	256	0	1	0.115082013880494	0.925907648863446	10	30	0.0124998857799742	24	13112000	44
20220424 192903	0	0	0	1	auto	depthwise	256	0	1	0.02972226430687	0.821140621254826	2	7	0.0113729238636654	224	12383000	45
20220424 194456	0	0	0	1	auto	depthwise	256	0	1	0.0104168863188412	0.964493941810311	8	2	0.0130660077545234	748	12983000	46
20220424 200741	0	0	0	1	auto	depthwise	256	0	1	0.0100024394498908	0.690629379308191	9	6	0.0135775164049741	429	13343000	47
20220424 201133	0	0	0	1	auto	depthwise	256	0	1	0.0775836440801711	0.756027013173935	10	5	0.0137658315238852	65	13119000	48
20220424 202434	0	0	0	1	auto	depthwise	256	0	1	0.0100445425609058	0.615097517449303	10	2	0.0121264952711279	863	12816000	49
20220424 203012	0	0	0	1	auto	depthwise	256	0	1	0.0659423392427647	0.997873666180356	7	8	0.0105778120428156	15	12474000	50
20220424 204056	0	0	0	1	auto	depthwise	256	0	1	0.0347190499614348	0.53518442594876	10	28	0.0128618730003405	78	13506000	51
20220424 211135	0	0	0	1	auto	depthwise	256	0	1	0.0100767940763405	0.81327315912114	7	6	0.0185082080007824	613	13003000	52
20220424 211352	0	0	0	1	auto	depthwise	256	0	1	0.223400787384495	0.20227118288069	2	13	0.00840774519117991	39	10799000	53
20220424 214422	0	0	0	1	auto	depthwise	256	0	1	0.0100462184923737	0.998886927334388	10	6	0.0146093282558977	442	13206000	54
20220424 220438	0	0	0	1	auto	depthwise	256	0	1	0.0264093915002932	0.825677232790948	10	30	0.01279139054732	120	13100000	55
20220424 221136	0	0	0	1	auto	depthwise	256	0	1	0.0464433800093812	0.517581890771084	10	12	0.0139874964669096	72	13626000	56
20220424 221422	0	0	0	1	auto	depthwise	256	0	1	0.126467025074441	0.266605104274817	10	28	0.0128933275631504	27	12728000	57
20220424 222027	0	0	0	1	auto	depthwise	256	0	1	0.0426458815782243	0.638391497996978	10	4	0.0153985867002271	220	13385000	58
20220424 230833	0	0	0	1	auto	depthwise	256	0	1	0.0100350964543011	0.999682798497287	10	30	0.0136123310099432	191	13289000	59
20220424 234432	0	0	0	1	auto	depthwise	256	0	1	0.0103524406157829	0.87733247550062	7	6	0.0132428401374569	735	13025000	60
20220424 235150	0	0	0	1	auto	depthwise	256	0	1	0.0478295720198456	0.552846466510018	10	27	0.0114830255479814	26	12822000	61
20220425 000956	0	0	0	1	auto	depthwise	256	0	1	0.0160466187356042	0.725038592415582	10	2	0.0202428498036764	1457	12991000	62
20220425 001345	0	0	0	1	auto	depthwise	256	0	1	0.172198775364309	0.51864449040948	10	30	0.0148782254522042	20	12868000	63
20220425 001911	0	0	0	1	auto	depthwise	256	0	1	0.0323269095190999	0.52462211996312	8	2	0.0194334607145605	447	13191000	64
20220425 002231	0	0	0	1	auto	depthwise	256	0	1	0.151919446237019	0.99781027697317	9	7	0.0135356019813698	13	12700000	65
20220425 002948	0	0	0	1	auto	depthwise	256	0	1	0.11182820866295	0.931223689001216	10	30	0.0186141799628616	24	12327000	66
20220425 003301	0	0	0	1	auto	depthwise	256	0	1	0.155189277737032	0.648334739630588	0	2	0.00833815251985704	244	12085000	67
20220425 010620	0	0	0	1	auto	depthwise	256	0	1	0.010850294709615	0.673977849206247	10	30	0.0140085932856628	209	13666000	68
20220425 013626	0	0	0	1	auto	depthwise	256	0	1	0.0101095746991813	0.561423022093449	10	27	0.0135813373740537	208	13563000	69
20220425 015153	0	0	0	1	auto	depthwise	256	0	1	0.0162907123431212	0.534498622189735	9	12	0.0123545963822491	156	13378000	70
20220425 020335	0	0	0	1	auto	depthwise	256	0	1	0.0217917220193507	0.501090194996772	8	13	0.0129477272623162	99	13185000	71
20220425 020651	0	0	0	1	auto	depthwise	256	0	1	0.0477123155787424	0.448425107366905	9	3	0.0145224315053367	164	13461000	72
20220425 020931	0	0	0	1	auto	depthwise	256	0	1	0.112393072753442	0.998154233757109	1	2	0.0111391667182005	109	12387000	73
20220425 021546	0	0	0	1	auto	depthwise	256	0	1	0.194305260326295	0.970354064404179	10	30	0.012328558751329	26	12110000	74
20220425 022303	0	0	0	1	auto	depthwise	256	0	1	0.0805127519551042	0.556982481485356	10	30	0.0141285265568339	64	12925000	75
20220425 022348	0	0	0	1	auto	depthwise	256	0	1	0.211608908787055	0.261953604091571	10	2	0.0184239777725602	49	12862000	76
20220425 022805	0	0	0	1	auto	depthwise	256	0	1	0.115439837512809	0.637643343151874	10	16	0.0132358012931801	15	12751000	77
20220425 023000	0	0	0	1	auto	depthwise	256	0	1	0.202170111704746	0.202560309837071	10	30	0.0216170283371515	22	11051000	78
20220425 023124	0	0	0	1	auto	depthwise	256	0	1	0.158995939585663	0.571467516975987	8	2	0.0176128482114663	72	13299000	79
20220425 023258	0	0	0	1	auto	depthwise	256	0	1	0.178216676555887	0.446236586170288	10	2	0.0147857777930713	126	13122000	80
20220425 023406	0	0	0	1	auto	depthwise	256	0	1	0.154730890952694	0.323457596562791	10	2	0.0179935775479407	90	12787000	81
20220425 023507	0	0	0	1	auto	depthwise	256	0	1	0.187590486747602	0.212869837857022	8	2	0.0168969143968048	114	13098000	82
20220425 023655	0	0	0	1	auto	depthwise	256	0	1	0.193776992632916	0.913665753670197	9	2	0.0171926358284016	76	12644000	83
20220425 024143	0	0	0	1	auto	depthwise	256	0	1	0.0374978336089236	0.515156267037218	10	7	0.0141343126008169	49	13308000	84
20220425 030228	0	0	0	1	auto	depthwise	256	0	1	0.0111959482638894	0.469214139068214	10	17	0.0130846732061384	160	13402000	85
20220425 030455	0	0	0	1	auto	depthwise	256	0	1	0.117002714976176	0.6201603910195	8	2	0.0146645314239841	160	13175000	86
20220425 034305	0	0	0	1	auto	depthwise	256	0	1	0.0100028782882157	0.779378044840834	10	20	0.013679621382791	213	13703000	87
20220425 034755	0	0	0	1	auto	depthwise	256	0	1	0.0575345318507515	0.739473369143395	9	2	0.0179886516879427	335	12837000	88
20220425 034955	0	0	0	1	auto	depthwise	256	0	1	0.159089410933924	0.346265836750542	6	2	0.0125737795677808	211	13421000	89
20220425 035609	0	0	0	1	auto	depthwise	256	0	1	0.143914931647713	0.848032288640186	7	30	0.0128857665846458	8	12186000	90
20220425 035755	0	0	0	1	auto	depthwise	256	0	1	0.0570484121409846	0.30006560705203	7	2	0.0126320625847295	138	13031000	91
20220425 035905	0	0	0	1	auto	depthwise	256	0	1	0.160411944234814	0.360197387544129	6	2	0.0152743584032867	86	13353000	92
20220425 044817	0	0	0	1	auto	depthwise	256	0	1	0.0100924575460113	0.956567033483562	6	21	0.0127204968408141	160	12945000	93
20220425 045810	0	0	0	1	auto	depthwise	256	0	1	0.0416394811531833	0.677196912157966	10	19	0.0138662337519923	52	12972000	94
20220425 050058	0	0	0	1	auto	depthwise	256	0	1	0.164969020192842	0.479122139234009	10	12	0.013848801503748	19	12409000	95
20220425 050240	0	0	0	1	auto	depthwise	256	0	1	0.174041447029024	0.566353895532792	4	4	0.012184560635285	30	12867000	96
20220425 053259	0	0	0	1	auto	depthwise	256	0	1	0.0100405709496174	0.614019967021497	10	20	0.0118377707755587	192	13407000	97
20220425 060620	0	0	0	1	auto	depthwise	256	0	1	0.0100573315527124	0.691348901679373	10	28	0.013623463374627	162	13306000	98
20220425 061105	0	0	0	1	auto	depthwise	256	0	1	0.0439676864590789	0.200042519657754	10	11	0.0125623549743465	158	12795000	99
20220425 072509	0	0	0	1	auto	depthwise	256	0	1	0.010331065921622	0.99989371184006	9	4	0.0292692074011846	1001	11825000	100
20220425 075154	0	0	0	1	auto	depthwise	256	0	1	0.0103685924819092	0.517550623851511	10	23	0.0129374134223132	206	13535000	101
20220425 085223	0	0	0	1	auto	depthwise	256	0	1	0.0101492043105894	0.921665473677984	10	21	0.0129348183862423	174	13286000	102
20220425 085649	0	0	0	1	auto	depthwise	256	0	1	0.235600092426503	0.635912943955459	10	2	0.0281559356541839	153	11278000	103
20220425 095440	0	0	0	1	auto	depthwise	256	0	1	0.0101934796754437	0.54788137165627	10	30	0.0134280727867596	253	13566000	104
20220425 095612	0	0	0	1	auto	depthwise	256	0	1	0.229938210283934	0.303741378888349	8	2	0.00939179626832687	45	12018000	105
20220425 104717	0	0	0	1	auto	depthwise	256	0	1	0.0115094707929713	0.525952798338116	10	30	0.0147590625306704	224	13496000	106
20220425 104834	0	0	0	1	auto	depthwise	256	0	1	0.182832598553757	0.212813845849597	0	2	0.0120757651777947	135	12486000	107
20220425 112100	0	0	0	1	auto	depthwise	256	0	1	0.0105021506265064	0.75484764585568	10	15	0.0128276177838389	211	13476000	108
20220425 115033	0	0	0	1	auto	depthwise	256	0	1	0.0109133405741564	0.574655367226157	10	12	0.0136373341269051	170	13623000	109
20220425 120257	0	0	0	1	auto	depthwise	256	0	1	0.104010694696947	0.997850741919319	10	12	0.0136236829648736	31	12856000	110
20220425 123429	0	0	0	1	auto	depthwise	256	0	1	0.033710212321896	0.224272847322722	10	26	0.0141929137024932	171	12946000	111
20220425 124550	0	0	0	1	auto	depthwise	256	0	1	0.039366796639565	0.697202511397159	10	13	0.0135195975447287	102	12935000	112
20220425 130545	0	0	0	1	auto	depthwise	256	0	1	0.0104565888951998	0.481454202297027	10	11	0.0137547246310544	216	13628000	113
20220425 133540	0	0	0	1	auto	depthwise	256	0	1	0.010072495078996	0.43940844952244	10	28	0.0134760370263924	345	13569000	114
20220425 134818	0	0	0	1	auto	depthwise	256	0	1	0.0100683064977314	0.545543993832567	8	4	0.0147016851365039	329	13563000	115
20220425 135101	0	0	0	1	auto	depthwise	256	0	1	0.0964237594695752	0.479523312362116	7	4	0.0132904547235128	101	13386000	116
20220425 142300	0	0	0	1	auto	depthwise	256	0	1	0.0102637174496225	0.206337173391815	0	30	0.0121821319774222	158	1317000	117
20220425 142439	0	0	0	1	auto	depthwise	256	0	1	0.214557149535495	0.409874199730423	2	2	0.0117163003605766	161	12795000	118
20220425 143207	0	0	0	1	auto	depthwise	256	0	1	0.03084217868754	0.382738135568401	10	12	0.0129190435344327	101	13295000	119
20220425 150143	0	0	0	1	auto	depthwise	256	0	1	0.0100666095427033	0.711876493580698	6	5	0.0134642305694366	505	13344000	120
